0 0
1 1
2 2
3 3
4 4
5 5
6 6
7 7
8 8
9 9
10 10
11 11
12 12
13 13
14 14
15 15
16 16
17 17
18 18
19 19
20 20
21 21
22 22
43 23
44 24
45 25
46 26
47 27
48 28
49 29
50 30
51 31
52 32
53 33
54 34
55 35
56 36
71 37
72 38
73 39
74 40
75 41
76 42
77 43
78 44
79 45
80 46
81 47
82 48
83 49
84 50
85 51
86 52
87 53
88 54
104 55
105 56
106 57
107 58
108 59
109 60
110 61
111 62
112 63
113 64
114 65
115 66
116 67
117 68
118 69
119 70
120 71
121 72
122 73
123 74
124 75
125 76
126 77
127 78
128 79
147 80
148 81
149 82
150 83
151 84
152 85
153 86
154 87
155 88
156 89
157 90
158 91
159 92
160 93
212 94
213 95
214 96
215 97
216 98
217 99
218 100
219 101
220 102
221 103
222 104
223 105
224 106
225 107
226 108
227 109
251 110
252 111
253 112
254 113
255 114
258 115
259 116
260 117
261 118
264 119
265 120
266 121
268 122
269 123
271 124
272 125
273 126
275 127
276 128
278 129
279 130
281 131
282 132
284 133
285 134
286 135
287 136
290 137
291 138
293 139
294 140
295 141
296 142
297 143
298 144
299 145
300 146
301 147
302 148
303 149
304 150
305 151
306 152
307 153
308 154
310 155
311 156
312 157
313 158
314 159
315 160
316 161
317 162
318 163
319 164
320 165
321 166
322 167
323 168
324 169
325 170
326 171
327 172
328 173
329 174
330 175
331 176
332 177
333 178
334 179
335 180
336 181
337 182
338 183
339 184
342 185
343 186
344 187
345 188
347 189
348 190
349 191
350 192
351 193
352 194
353 195
354 196
355 197
356 198
357 199
358 200
359 201
360 202
361 203
362 204
363 205
364 206
365 207
366 208
367 209
368 210
369 211
370 212
371 213
372 214
373 215
374 216
375 217
376 218
379 219
380 220
382 221
383 222
386 223
387 224
390 225
391 226
392 227
393 228
395 229
396 230
397 231
398 232
399 233
400 234
401 235
402 236
403 237
404 238
405 239
406 240
408 241
409 242
410 243
411 244
412 245
413 246
414 247
415 248
416 249
417 250
419 251
420 252
421 253
422 254
423 255
424 256
426 257
427 258
428 259
429 260
430 261
431 262
433 263
434 264
435 265
436 266
437 267
438 268
440 269
441 270
442 271
443 272
444 273
445 274
446 275
447 276
448 277
449 278
450 279
451 280
452 281
453 282
454 283
455 284
456 285
457 286
458 287
459 288
460 289
461 290
462 291
463 292
464 293
465 294
466 295
467 296
468 297
469 298
470 299
471 300
472 301
473 302
474 303
477 304
478 305
480 306
481 307
482 308
483 309
484 310
485 311
488 312
489 313
490 314
491 315
492 316
493 317
494 318
495 319
498 320
499 321
500 322
501 323
502 324
504 325
505 326
508 327
509 328
510 329
511 330
512 331
513 332
514 333
515 334
516 335
517 336
518 337
519 338
520 339
521 340
522 341
523 342
524 343
525 344
526 345
527 346
528 347
529 348
530 349
531 350
532 351
533 352
534 353
535 354
537 355
538 356
539 357
540 358
541 359
542 360
543 361
544 362
545 363
546 364
547 365
548 366
549 367
550 368
551 369
552 370
553 371
554 372
555 373
557 374
558 375
559 376
560 377
561 378
562 379
563 380
564 381
565 382
566 383
567 384
568 385
569 386
570 387
571 388
572 389
573 390
574 391
575 392
576 393
577 394
578 395
579 396
580 397
581 398
582 399
583 400
584 401
585 402
586 403
587 404
588 405
589 406
590 407
592 408
593 409
594 410
595 411
596 412
597 413
598 414
599 415
600 416
601 417
602 418
603 419
604 420
605 421
606 422
607 423
608 424
609 425
610 426
611 427
612 428
613 429
614 430
615 431
616 432
617 433
619 434
620 435
621 436
622 437
623 438
624 439
625 440
626 441
627 442
628 443
629 444
630 445
631 446
632 447
633 448
634 449
635 450
636 451
637 452
638 453
639 454
640 455
641 456
642 457
643 458
644 459
646 460
647 461
648 462
649 463
650 464
651 465
652 466
653 467
654 468
655 469
656 470
657 471
658 472
659 473
660 474
661 475
662 476
663 477
664 478
665 479
666 480
667 481
669 482
670 483
671 484
672 485
673 486
674 487
675 488
678 489
679 490
680 491
681 492
682 493
683 494
684 495
685 496
686 497
687 498
688 499
689 500
690 501
691 502
692 503
693 504
694 505
695 506
696 507
697 508
698 509
699 510
700 511
701 512
702 513
703 514
704 515
705 516
706 517
707 518
708 519
709 520
710 521
711 522
712 523
713 524
714 525
715 526
716 527
717 528
718 529
719 530
720 531
721 532
722 533
723 534
724 535
725 536
726 537
727 538
729 539
730 540
731 541
732 542
733 543
734 544
735 545
736 546
738 547
739 548
740 549
741 550
742 551
743 552
744 553
745 554
747 555
748 556
749 557
750 558
751 559
752 560
753 561
754 562
756 563
757 564
758 565
759 566
760 567
761 568
762 569
763 570
764 571
765 572
766 573
767 574
769 575
770 576
771 577
772 578
773 579
774 580
775 581
776 582
777 583
778 584
779 585
780 586
781 587
782 588
783 589
784 590
785 591
786 592
787 593
788 594
789 595
790 596
791 597
792 598
793 599
794 600
795 601
796 602
797 603
798 604
799 605
800 606
801 607
802 608
803 609
804 610
805 611
806 612
807 613
808 614
809 615
810 616
811 617
812 618
813 619
814 620
815 621
816 622
817 623
818 624
819 625
820 626
821 627
822 628
823 629
824 630
825 631
826 632
827 633
828 634
829 635
830 636
831 637
832 638
833 639
834 640
835 641
836 642
837 643
838 644
839 645
840 646
841 647
842 648
843 649
844 650
845 651
846 652
847 653
848 654
849 655
850 656
851 657
852 658
853 659
854 660
855 661
856 662
857 663
858 664
859 665
860 666
861 667
862 668
863 669
864 670
865 671
866 672
867 673
868 674
869 675
870 676
871 677
872 678
873 679
874 680
875 681
876 682
877 683
878 684
879 685
880 686
881 687
882 688
883 689
884 690
886 691
887 692
888 693
889 694
890 695
891 696
892 697
893 698
894 699
895 700
896 701
897 702
898 703
899 704
900 705
901 706
902 707
903 708
904 709
905 710
906 711
907 712
908 713
909 714
910 715
911 716
912 717
913 718
914 719
915 720
916 721
917 722
918 723
919 724
920 725
921 726
922 727
923 728
924 729
925 730
926 731
927 732
928 733
929 734
930 735
931 736
932 737
933 738
934 739
935 740
936 741
937 742
938 743
939 744
940 745
941 746
942 747
943 748
944 749
945 750
946 751
947 752
948 753
949 754
950 755
951 756
952 757
953 758
954 759
955 760
956 761
957 762
958 763
959 764
960 765
961 766
962 767
963 768
964 769
965 770
966 771
967 772
968 773
969 774
970 775
971 776
972 777
973 778
974 779
975 780
976 781
977 782
978 783
979 784
980 785
981 786
982 787
983 788
984 789
985 790
986 791
987 792
988 793
989 794
990 795
991 796
992 797
993 798
994 799
995 800
996 801
997 802
998 803
999 804
1000 805
1001 806
1002 807
1003 808
1004 809
1005 810
1006 811
1007 812
1008 813
1009 814
1010 815
1011 816
1012 817
1013 818
1014 819
1015 820
1016 821
1017 822
1018 823
1019 824
1020 825
1021 826
1022 827
1023 828
1024 829
1025 830
1026 831
1027 832
1028 833
1029 834
1030 835
1031 836
1032 837
1033 838
1034 839
1035 840
1036 841
1037 842
1038 843
1039 844
1040 845
1041 846
1042 847
1043 848
1044 849
1045 850
1046 851
1047 852
1048 853
1049 854
1050 855
1051 856
1052 857
1053 858
1054 859
1055 860
1056 861
1057 862
1058 863
1059 864
1060 865
1061 866
1062 867
1063 868
1064 869
1065 870
1066 871
1067 872
1068 873
1069 874
1070 875
1071 876
1072 877
1073 878
1074 879
1075 880
1076 881
1077 882
1078 883
1079 884
1080 885
1081 886
1082 887
1083 888
1084 889
1085 890
1086 891
1087 892
1088 893
1089 894
1090 895
1091 896
1092 897
1093 898
1094 899
1095 900
1096 901
1097 902
1098 903
1099 904
1100 905
1101 906
1102 907
1103 908
1104 909
1105 910
1106 911
1107 912
1108 913
1109 914
1110 915
1111 916
1112 917
1113 918
1114 919
1115 920
1116 921
1117 922
1118 923
1119 924
1120 925
1121 926
1122 927
1123 928
1124 929
1125 930
1126 931
1127 932
1128 933
1129 934
1130 935
1131 936
1132 937
1133 938
1134 939
1135 940
1136 941
1137 942
1138 943
1139 944
1141 945
1142 946
1143 947
1144 948
1145 949
1146 950
1147 951
1148 952
1149 953
1150 954
1151 955
1152 956
1153 957
1154 958
1155 959
1156 960
1158 961
1159 962
1161 963
1162 964
1164 965
1165 966
1167 967
1168 968
1170 969
1171 970
1173 971
1174 972
1176 973
1177 974
1178 975
1179 976
1180 977
1181 978
1182 979
1183 980
1184 981
1185 982
1186 983
1187 984
1189 985
1190 986
1192 987
1193 988
1194 989
1195 990
1196 991
1197 992
1198 993
1199 994
1200 995
1201 996
1202 997
1203 998
1204 999
1205 1000
1207 1001
1208 1002
1209 1003
1210 1004
1211 1005
1212 1006
1213 1007
1214 1008
1215 1009
1218 1010
1219 1011
1220 1012
1221 1013
1222 1014
1223 1015
1224 1016
1225 1017
1226 1018
1227 1019
1228 1020
1229 1021
1230 1022
1231 1023
1232 1024
1233 1025
1234 1026
1235 1027
1237 1028
1238 1029
1239 1030
1240 1031
1241 1032
1242 1033
1243 1034
1244 1035
1246 1036
1247 1037
1248 1038
1249 1039
1250 1040
1251 1041
1252 1042
1253 1043
1254 1044
1255 1045
1256 1046
1257 1047
1258 1048
1259 1049
1260 1050
1261 1051
1262 1052
1263 1053
1264 1054
1265 1055
1266 1056
1267 1057
1268 1058
1269 1059
1270 1060
1271 1061
1272 1062
1273 1063
1274 1064
1275 1065
1276 1066
1277 1067
1278 1068
1279 1069
1280 1070
1281 1071
1282 1072
1283 1073
1284 1074
1285 1075
1286 1076
1287 1077
1288 1078
1289 1079
1290 1080
1291 1081
1292 1082
1293 1083
1294 1084
1295 1085
1296 1086
1297 1087
1298 1088
1299 1089
1300 1090
1301 1091
1302 1092
1303 1093
1304 1094
1305 1095
1307 1096
1308 1097
1309 1098
1310 1099
1311 1100
1312 1101
1313 1102
1314 1103
1315 1104
1316 1105
1317 1106
1318 1107
1319 1108
1320 1109
1321 1110
1322 1111
1323 1112
1324 1113
1325 1114
1326 1115
1327 1116
1328 1117
1329 1118
1330 1119
1331 1120
1332 1121
1333 1122
1334 1123
1335 1124
1336 1125
1337 1126
1338 1127
1339 1128
1340 1129
1341 1130
1342 1131
1343 1132
1344 1133
1346 1134
1347 1135
1348 1136
1349 1137
1352 1138
1353 1139
1354 1140
1355 1141
1358 1142
1359 1143
1360 1144
1361 1145
1362 1146
1363 1147
1364 1148
1365 1149
1366 1150
1367 1151
1368 1152
1369 1153
1370 1154
1371 1155
1374 1156
1375 1157
1376 1158
1377 1159
1378 1160
1379 1161
1380 1162
1381 1163
1382 1164
1383 1165
1384 1166
1385 1167
1387 1168
1388 1169
1391 1170
1392 1171
1393 1172
1394 1173
1395 1174
1396 1175
1397 1176
1398 1177
1399 1178
1400 1179
1401 1180
1402 1181
1403 1182
1404 1183
1407 1184
1408 1185
1409 1186
1410 1187
1411 1188
1412 1189
1413 1190
1414 1191
1415 1192
1416 1193
1417 1194
1418 1195
1419 1196
1420 1197
1421 1198
1422 1199
1423 1200
1424 1201
1425 1202
1426 1203
1427 1204
1428 1205
1429 1206
1430 1207
1433 1208
1434 1209
1435 1210
1436 1211
1438 1212
1439 1213
1442 1214
1443 1215
1444 1216
1445 1217
1446 1218
1447 1219
1450 1220
1451 1221
1453 1222
1454 1223
1455 1224
1456 1225
1457 1226
1458 1227
1459 1228
1460 1229
1462 1230
1463 1231
1466 1232
1467 1233
1468 1234
1469 1235
1470 1236
1471 1237
1472 1238
1473 1239
1474 1240
1475 1241
1476 1242
1477 1243
1478 1244
1479 1245
1480 1246
1481 1247
1482 1248
1483 1249
1484 1250
1485 1251
1486 1252
1487 1253
1488 1254
1489 1255
1490 1256
1491 1257
1492 1258
1493 1259
1494 1260
1495 1261
1496 1262
1497 1263
1498 1264
1500 1265
1501 1266
1502 1267
1503 1268
1504 1269
1505 1270
1507 1271
1508 1272
1509 1273
1510 1274
1512 1275
1513 1276
1514 1277
1515 1278
1516 1279
1517 1280
1518 1281
1519 1282
1520 1283
1521 1284
1522 1285
1523 1286
1524 1287
1525 1288
1526 1289
1527 1290
1528 1291
1529 1292
1530 1293
1531 1294
1532 1295
1533 1296
1534 1297
1535 1298
1536 1299
1537 1300
1538 1301
1539 1302
1541 1303
1542 1304
1543 1305
1544 1306
1545 1307
1546 1308
1547 1309
1548 1310
1549 1311
1550 1312
1551 1313
1552 1314
1553 1315
1554 1316
1555 1317
1556 1318
1557 1319
1558 1320
1559 1321
1560 1322
1561 1323
1562 1324
1563 1325
1564 1326
1565 1327
1566 1328
1567 1329
1568 1330
1570 1331
1571 1332
1572 1333
1573 1334
1574 1335
1575 1336
1577 1337
1578 1338
1579 1339
1580 1340
1581 1341
1582 1342
1583 1343
1584 1344
1585 1345
1586 1346
1587 1347
1588 1348
1589 1349
1590 1350
1591 1351
1592 1352
1593 1353
1594 1354
1595 1355
1596 1356
1597 1357
1598 1358
1600 1359
1601 1360
1602 1361
1603 1362
1604 1363
1605 1364
1606 1365
1607 1366
1608 1367
1609 1368
1610 1369
1611 1370
1612 1371
1613 1372
1614 1373
1615 1374
1616 1375
1617 1376
1618 1377
1619 1378
1620 1379
1621 1380
1622 1381
1623 1382
1624 1383
1625 1384
1626 1385
1627 1386
1630 1387
1631 1388
1632 1389
1633 1390
1634 1391
1635 1392
1636 1393
1637 1394
1638 1395
1639 1396
1640 1397
1641 1398
1642 1399
1643 1400
1644 1401
1645 1402
1646 1403
1647 1404
1648 1405
1649 1406
1650 1407
1651 1408
1653 1409
1654 1410
1655 1411
1656 1412
1657 1413
1658 1414
1659 1415
1660 1416
1661 1417
1662 1418
1663 1419
1664 1420
1665 1421
1666 1422
1667 1423
1668 1424
1669 1425
1670 1426
1671 1427
1672 1428
1673 1429
1674 1430
1675 1431
1676 1432
1677 1433
1678 1434
1679 1435
1680 1436
1681 1437
1682 1438
1683 1439
1684 1440
1685 1441
1686 1442
1687 1443
1688 1444
1689 1445
1690 1446
1691 1447
1692 1448
1693 1449
1694 1450
1695 1451
1696 1452
1697 1453
1698 1454
1699 1455
1700 1456
1701 1457
1702 1458
1703 1459
1704 1460
1705 1461
1706 1462
1707 1463
1708 1464
1709 1465
1710 1466
1711 1467
1712 1468
1713 1469
1714 1470
1715 1471
1716 1472
1717 1473
1718 1474
1720 1475
1721 1476
1722 1477
1723 1478
1724 1479
1725 1480
1728 1481
1729 1482
1730 1483
1731 1484
1732 1485
1733 1486
1734 1487
1735 1488
1736 1489
1737 1490
1738 1491
1739 1492
1740 1493
1741 1494
1742 1495
1743 1496
1744 1497
1745 1498
1746 1499
1747 1500
1748 1501
1749 1502
1750 1503
1751 1504
1752 1505
1753 1506
1754 1507
1755 1508
1756 1509
1757 1510
1758 1511
1759 1512
1760 1513
1761 1514
1762 1515
1763 1516
1764 1517
1765 1518
1766 1519
1767 1520
1768 1521
1769 1522
1770 1523
1771 1524
1772 1525
1773 1526
1774 1527
1775 1528
1776 1529
1777 1530
1778 1531
1779 1532
1780 1533
1781 1534
1782 1535
1783 1536
1784 1537
1785 1538
1786 1539
1787 1540
1788 1541
1789 1542
1790 1543
1791 1544
1792 1545
1793 1546
1794 1547
1795 1548
1796 1549
1797 1550
1798 1551
1799 1552
1800 1553
1801 1554
1802 1555
1803 1556
1804 1557
1805 1558
1807 1559
1808 1560
1809 1561
1810 1562
1813 1563
1814 1564
1815 1565
1816 1566
1819 1567
1820 1568
1821 1569
1822 1570
1825 1571
1826 1572
1827 1573
1828 1574
1829 1575
1830 1576
1831 1577
1832 1578
1833 1579
1834 1580
1835 1581
1836 1582
1837 1583
1838 1584
1839 1585
1840 1586
1841 1587
1842 1588
1845 1589
1846 1590
1848 1591
1849 1592
1850 1593
1851 1594
1852 1595
1853 1596
1854 1597
1855 1598
1856 1599
1857 1600
1858 1601
1859 1602
1860 1603
1861 1604
1862 1605
1863 1606
1864 1607
1865 1608
1866 1609
1868 1610
1869 1611
1870 1612
1871 1613
1872 1614
1873 1615
1874 1616
1875 1617
1876 1618
1877 1619
1878 1620
1879 1621
1880 1622
1881 1623
1882 1624
1883 1625
1884 1626
1885 1627
1886 1628
1887 1629
1888 1630
1889 1631
1890 1632
1891 1633
1892 1634
1893 1635
1894 1636
1895 1637
1896 1638
1897 1639
1898 1640
1899 1641
1900 1642
1902 1643
1903 1644
1904 1645
1905 1646
1906 1647
1907 1648
1908 1649
1909 1650
1910 1651
1911 1652
1912 1653
1913 1654
1914 1655
1915 1656
1916 1657
1917 1658
1918 1659
1919 1660
1920 1661
1921 1662
1922 1663
1923 1664
1924 1665
1926 1666
1927 1667
1928 1668
1929 1669
1931 1670
1932 1671
1934 1672
1935 1673
1936 1674
1937 1675
1938 1676
1939 1677
1940 1678
1941 1679
1942 1680
1943 1681
1944 1682
1945 1683
1946 1684
1947 1685
1948 1686
1949 1687
1950 1688
1951 1689
1953 1690
1954 1691
1955 1692
1956 1693
1957 1694
1958 1695
1959 1696
1960 1697
1961 1698
1962 1699
1963 1700
1964 1701
1965 1702
1966 1703
1967 1704
1968 1705
1969 1706
1970 1707
1971 1708
1972 1709
1973 1710
1974 1711
1975 1712
1976 1713
1977 1714
1978 1715
1979 1716
1980 1717
1981 1718
1982 1719
1983 1720
1984 1721
1986 1722
1987 1723
1989 1724
1990 1725
1992 1726
1993 1727
1995 1728
1996 1729
1998 1730
1999 1731
2000 1732
2001 1733
2002 1734
2003 1735
2005 1736
2006 1737
2008 1738
2009 1739
2010 1740
2011 1741
2012 1742
2013 1743
2014 1744
2015 1745
2017 1746
2018 1747
2019 1748
2020 1749
2022 1750
2023 1751
2025 1752
2026 1753
2027 1754
2028 1755
2029 1756
2030 1757
2031 1758
2032 1759
2033 1760
2034 1761
2035 1762
2036 1763
2037 1764
2038 1765
2039 1766
2040 1767
2041 1768
2042 1769
2043 1770
2044 1771
2045 1772
2046 1773
2047 1774
2048 1775
2049 1776
2050 1777
2051 1778
2052 1779
2053 1780
2054 1781
2055 1782
2056 1783
2057 1784
2058 1785
2059 1786
2060 1787
2061 1788
2062 1789
2064 1790
2065 1791
2066 1792
2067 1793
2068 1794
2069 1795
2070 1796
2071 1797
2072 1798
2073 1799
2074 1800
2075 1801
2076 1802
2077 1803
2078 1804
2079 1805
2080 1806
2081 1807
2082 1808
2083 1809
2084 1810
2085 1811
2086 1812
2087 1813
2088 1814
2089 1815
2090 1816
2091 1817
2092 1818
2093 1819
2094 1820
2095 1821
2097 1822
2098 1823
2099 1824
2100 1825
2101 1826
2102 1827
2103 1828
2104 1829
2105 1830
2106 1831
2107 1832
2108 1833
2109 1834
2110 1835
2111 1836
2112 1837
2113 1838
2114 1839
2115 1840
2116 1841
2117 1842
2118 1843
2119 1844
2120 1845
2121 1846
2122 1847
2123 1848
2124 1849
2125 1850
2126 1851
2127 1852
2128 1853
2130 1854
2131 1855
2132 1856
2133 1857
2134 1858
2135 1859
2136 1860
2137 1861
2138 1862
2139 1863
2140 1864
2141 1865
2142 1866
2143 1867
2144 1868
2145 1869
2146 1870
2147 1871
2148 1872
2149 1873
2150 1874
2151 1875
2152 1876
2153 1877
2154 1878
2155 1879
2156 1880
2157 1881
2158 1882
2159 1883
2160 1884
2161 1885
2163 1886
2164 1887
2165 1888
2166 1889
2167 1890
2168 1891
2169 1892
2170 1893
2171 1894
2172 1895
2173 1896
2174 1897
2175 1898
2176 1899
2177 1900
2178 1901
2179 1902
2180 1903
2182 1904
2183 1905
2184 1906
2185 1907
2186 1908
2187 1909
2189 1910
2190 1911
2191 1912
2192 1913
2194 1914
2195 1915
2197 1916
2198 1917
2200 1918
2201 1919
2203 1920
2204 1921
2206 1922
2207 1923
2209 1924
2210 1925
2212 1926
2213 1927
2214 1928
2215 1929
2217 1930
2218 1931
2219 1932
2220 1933
2221 1934
2222 1935
2223 1936
2224 1937
2225 1938
2226 1939
2227 1940
2228 1941
2229 1942
2230 1943
2231 1944
2232 1945
2233 1946
2234 1947
2235 1948
2236 1949
2237 1950
2238 1951
2239 1952
2240 1953
2241 1954
2242 1955
2243 1956
2244 1957
2245 1958
2246 1959
2247 1960
2248 1961
2249 1962
2250 1963
2252 1964
2253 1965
2254 1966
2255 1967
2256 1968
2257 1969
2258 1970
2259 1971
2260 1972
2261 1973
2262 1974
2263 1975
2264 1976
2265 1977
2266 1978
2267 1979
2268 1980
2269 1981
2270 1982
2271 1983
2272 1984
2273 1985
2274 1986
2275 1987
2276 1988
2277 1989
2278 1990
2279 1991
2280 1992
2281 1993
2282 1994
2283 1995
2284 1996
2285 1997
2286 1998
2287 1999
2288 2000
2289 2001
2290 2002
2291 2003
2292 2004
2293 2005
2294 2006
2295 2007
2296 2008
2297 2009
2298 2010
2299 2011
2300 2012
2301 2013
2302 2014
2303 2015
2304 2016
2305 2017
2306 2018
2307 2019
2308 2020
2309 2021
2310 2022
2311 2023
2312 2024
2313 2025
2314 2026
2315 2027
2316 2028
2317 2029
2318 2030
2319 2031
2320 2032
2321 2033
2322 2034
2323 2035
2324 2036
2325 2037
2326 2038
2327 2039
2328 2040
2329 2041
2330 2042
2331 2043
2332 2044
2333 2045
2334 2046
2335 2047
2336 2048
2337 2049
2338 2050
2339 2051
2340 2052
2341 2053
2342 2054
2343 2055
2344 2056
2345 2057
2346 2058
2347 2059
2348 2060
2349 2061
2350 2062
2351 2063
2352 2064
2353 2065
2354 2066
2355 2067
2356 2068
2357 2069
2358 2070
2359 2071
2360 2072
2361 2073
2362 2074
2363 2075
2364 2076
2365 2077
2366 2078
2367 2079
2368 2080
2369 2081
2371 2082
2372 2083
2373 2084
2374 2085
2375 2086
2376 2087
2378 2088
2379 2089
2380 2090
2381 2091
2382 2092
2383 2093
2384 2094
2385 2095
2386 2096
2387 2097
2388 2098
2389 2099
2390 2100
2391 2101
2392 2102
2393 2103
2394 2104
2395 2105
2396 2106
2397 2107
2398 2108
2399 2109
2400 2110
2401 2111
2402 2112
2403 2113
2404 2114
2405 2115
2406 2116
2407 2117
2408 2118
2409 2119
2410 2120
2411 2121
2412 2122
2413 2123
2414 2124
2415 2125
2416 2126
2417 2127
2418 2128
2419 2129
2420 2130
2421 2131
2422 2132
2423 2133
2424 2134
2425 2135
2426 2136
2427 2137
2428 2138
2429 2139
2430 2140
2431 2141
2432 2142
2433 2143
2434 2144
2435 2145
2436 2146
2437 2147
2439 2148
2440 2149
2441 2150
2442 2151
256 2152
257 2153
262 2154
263 2155
267 2156
270 2157
274 2158
277 2159
280 2160
283 2161
288 2162
289 2163
292 2164
309 2165
340 2166
341 2167
346 2168
377 2169
378 2170
381 2171
384 2172
385 2173
388 2174
389 2175
394 2176
407 2177
418 2178
425 2179
432 2180
439 2181
475 2182
476 2183
479 2184
486 2185
487 2186
496 2187
497 2188
503 2189
506 2190
507 2191
536 2192
556 2193
591 2194
618 2195
645 2196
668 2197
676 2198
677 2199
728 2200
737 2201
746 2202
755 2203
768 2204
885 2205
1140 2206
1157 2207
1160 2208
1163 2209
1166 2210
1169 2211
1172 2212
1175 2213
1188 2214
1191 2215
1206 2216
1216 2217
1217 2218
1236 2219
1245 2220
1306 2221
1345 2222
1350 2223
1351 2224
1356 2225
1357 2226
1372 2227
1373 2228
1386 2229
1389 2230
1390 2231
1405 2232
1406 2233
1431 2234
1432 2235
1437 2236
1440 2237
1441 2238
1448 2239
1449 2240
1452 2241
1461 2242
1464 2243
1465 2244
1499 2245
1506 2246
1511 2247
1540 2248
1569 2249
1576 2250
1599 2251
1628 2252
1629 2253
1652 2254
1719 2255
1726 2256
1727 2257
1806 2258
1811 2259
1812 2260
1817 2261
1818 2262
1823 2263
1824 2264
1843 2265
1844 2266
1847 2267
23 2268
24 2269
25 2270
26 2271
27 2272
2443 2273
2444 2274
2445 2275
2446 2276
2447 2277
2448 2278
2449 2279
2450 2280
2451 2281
2452 2282
2453 2283
2454 2284
2455 2285
2456 2286
2457 2287
34 2288
2482 2289
2483 2290
2484 2291
2485 2292
2486 2293
38 2294
2490 2295
2491 2296
2492 2297
2493 2298
2494 2299
2495 2300
57 2301
2502 2302
2503 2303
2504 2304
2505 2305
2506 2306
2507 2307
61 2308
2508 2309
2509 2310
2510 2311
2511 2312
2512 2313
65 2314
2513 2315
2514 2316
2515 2317
2516 2318
2517 2319
2518 2320
2519 2321
2520 2322
2521 2323
2522 2324
89 2325
2526 2326
2527 2327
2528 2328
2529 2329
2530 2330
2531 2331
2532 2332
93 2333
2535 2334
2536 2335
2537 2336
2538 2337
2539 2338
2540 2339
98 2340
2541 2341
2542 2342
2543 2343
2544 2344
2545 2345
2546 2346
2547 2347
2548 2348
2549 2349
2550 2350
129 2351
2551 2352
2552 2353
2553 2354
2554 2355
2555 2356
2556 2357
2557 2358
2558 2359
2559 2360
2560 2361
2561 2362
2562 2363
2563 2364
2564 2365
134 2366
2572 2367
2573 2368
2574 2369
2575 2370
2576 2371
2577 2372
138 2373
2578 2374
2579 2375
2580 2376
2581 2377
2582 2378
2583 2379
2584 2380
2585 2381
2586 2382
2587 2383
2588 2384
2589 2385
2590 2386
2591 2387
2592 2388
161 2389
2598 2390
2599 2391
2600 2392
2601 2393
2602 2394
2603 2395
2604 2396
2605 2397
2606 2398
2607 2399
2608 2400
172 2401
2616 2402
2617 2403
2618 2404
2619 2405
2620 2406
2621 2407
2622 2408
2623 2409
177 2410
2624 2411
2625 2412
2626 2413
2627 2414
2628 2415
2629 2416
2630 2417
2631 2418
2632 2419
2633 2420
2634 2421
2635 2422
2636 2423
228 2424
2638 2425
2639 2426
2640 2427
2641 2428
2642 2429
2643 2430
244 2431
2644 2432
2645 2433
2646 2434
2647 2435
2648 2436
2649 2437
2650 2438
2651 2439
2652 2440
2653 2441
2654 2442
2655 2443
2656 2444
2657 2445
2658 2446
178 2447
2659 2448
2660 2449
2661 2450
2662 2451
2663 2452
2664 2453
2665 2454
2666 2455
2667 2456
2668 2457
2669 2458
2670 2459
2671 2460
2672 2461
2673 2462
2674 2463
2675 2464
2676 2465
2677 2466
2678 2467
2679 2468
2680 2469
2681 2470
2682 2471
2683 2472
2594 2473
179 2474
2703 2475
2704 2476
2705 2477
2706 2478
2707 2479
2708 2480
2709 2481
2710 2482
2711 2483
2712 2484
2713 2485
2714 2486
2715 2487
2716 2488
2717 2489
2718 2490
2719 2491
2720 2492
2595 2493
180 2494
2735 2495
2736 2496
2737 2497
2738 2498
2739 2499
2740 2500
2741 2501
2742 2502
2743 2503
2744 2504
2745 2505
2746 2506
2747 2507
2684 2508
181 2509
2748 2510
2749 2511
2750 2512
2751 2513
2752 2514
2753 2515
2754 2516
2755 2517
2756 2518
2757 2519
2758 2520
2759 2521
2760 2522
2761 2523
2762 2524
2763 2525
2764 2526
2765 2527
2766 2528
2767 2529
2768 2530
2769 2531
2770 2532
2771 2533
2772 2534
2773 2535
2774 2536
2685 2537
182 2538
2775 2539
2776 2540
2777 2541
2778 2542
2779 2543
2780 2544
2781 2545
2782 2546
2783 2547
2784 2548
2785 2549
2786 2550
2787 2551
2788 2552
2789 2553
2790 2554
2791 2555
2792 2556
2793 2557
2794 2558
2795 2559
2796 2560
2797 2561
2798 2562
2799 2563
2460 2564
183 2565
2800 2566
2801 2567
2802 2568
2803 2569
2804 2570
2805 2571
2806 2572
2807 2573
2808 2574
2809 2575
2810 2576
2811 2577
2812 2578
2813 2579
2814 2580
2815 2581
2816 2582
2817 2583
2687 2584
184 2585
2818 2586
2819 2587
2820 2588
2821 2589
2822 2590
2823 2591
2824 2592
2825 2593
2826 2594
2827 2595
2828 2596
2829 2597
2830 2598
2831 2599
185 2600
2832 2601
2833 2602
2834 2603
2835 2604
2836 2605
2837 2606
2838 2607
2839 2608
2840 2609
2841 2610
2842 2611
2843 2612
2844 2613
2845 2614
2846 2615
2847 2616
2848 2617
2849 2618
2850 2619
2851 2620
2852 2621
2853 2622
2854 2623
2855 2624
2856 2625
2857 2626
2858 2627
2462 2628
186 2629
2859 2630
2860 2631
2861 2632
2862 2633
2863 2634
2864 2635
2865 2636
2866 2637
2867 2638
2868 2639
2869 2640
2870 2641
2871 2642
2872 2643
2873 2644
2874 2645
2875 2646
2876 2647
2877 2648
2878 2649
2879 2650
2880 2651
2881 2652
2882 2653
2883 2654
2464 2655
187 2656
2884 2657
2885 2658
2886 2659
2887 2660
2888 2661
2889 2662
2890 2663
2891 2664
2892 2665
2893 2666
2894 2667
2895 2668
2896 2669
2897 2670
2898 2671
2899 2672
2900 2673
2901 2674
2690 2675
28 2676
2902 2677
2903 2678
2904 2679
2905 2680
2906 2681
2907 2682
2908 2683
2909 2684
2910 2685
2911 2686
2466 2687
39 2688
2912 2689
2913 2690
2914 2691
2915 2692
2916 2693
2917 2694
66 2695
2918 2696
2919 2697
2920 2698
2921 2699
2922 2700
2923 2701
2924 2702
2925 2703
2926 2704
2927 2705
2928 2706
2929 2707
2930 2708
94 2709
2931 2710
2932 2711
2933 2712
2934 2713
2935 2714
2936 2715
99 2716
2937 2717
2938 2718
2939 2719
2940 2720
2941 2721
2942 2722
2943 2723
2944 2724
2945 2725
2946 2726
2947 2727
2948 2728
2949 2729
2950 2730
2951 2731
130 2732
2952 2733
2953 2734
2954 2735
2955 2736
2956 2737
2957 2738
2958 2739
2959 2740
2960 2741
2961 2742
2962 2743
2963 2744
2964 2745
2965 2746
135 2747
2966 2748
2967 2749
2968 2750
2969 2751
2970 2752
2971 2753
139 2754
2972 2755
2973 2756
2974 2757
2975 2758
2976 2759
2977 2760
2978 2761
2979 2762
2980 2763
2981 2764
2982 2765
2983 2766
2984 2767
2985 2768
2986 2769
2987 2770
2988 2771
2989 2772
162 2773
2990 2774
2991 2775
2992 2776
2993 2777
2994 2778
2995 2779
2996 2780
2997 2781
2998 2782
2999 2783
3000 2784
173 2785
3001 2786
3002 2787
3003 2788
3004 2789
3005 2790
3006 2791
188 2792
3007 2793
3008 2794
3009 2795
3010 2796
3011 2797
3012 2798
3013 2799
3014 2800
3015 2801
3016 2802
3017 2803
3018 2804
3019 2805
3020 2806
3021 2807
3022 2808
3023 2809
3024 2810
3025 2811
3026 2812
3027 2813
3028 2814
3029 2815
3030 2816
3031 2817
3032 2818
3033 2819
229 2820
3034 2821
3035 2822
3036 2823
3037 2824
3038 2825
3039 2826
245 2827
3040 2828
3041 2829
3042 2830
3043 2831
3044 2832
3045 2833
3046 2834
3047 2835
3048 2836
3049 2837
3050 2838
3051 2839
3052 2840
3053 2841
3054 2842
189 2843
3055 2844
3056 2845
3057 2846
3058 2847
3059 2848
3060 2849
3061 2850
3062 2851
3063 2852
3064 2853
3065 2854
3066 2855
3067 2856
2691 2857
190 2858
3068 2859
3069 2860
3070 2861
3071 2862
3072 2863
3073 2864
3074 2865
3075 2866
3076 2867
3077 2868
3078 2869
3079 2870
3080 2871
3081 2872
3082 2873
3083 2874
3084 2875
3085 2876
3086 2877
3087 2878
3088 2879
3089 2880
3090 2881
3091 2882
3092 2883
3093 2884
3094 2885
2693 2886
191 2887
3095 2888
3096 2889
3097 2890
3098 2891
3099 2892
3100 2893
3101 2894
3102 2895
3103 2896
3104 2897
3105 2898
3106 2899
3107 2900
3108 2901
3109 2902
3110 2903
3111 2904
3112 2905
3113 2906
3114 2907
3115 2908
3116 2909
3117 2910
3118 2911
3119 2912
2694 2913
192 2914
3120 2915
3121 2916
3122 2917
3123 2918
3124 2919
3125 2920
3126 2921
3127 2922
3128 2923
3129 2924
3130 2925
3131 2926
3132 2927
3133 2928
3134 2929
3135 2930
3136 2931
3137 2932
2696 2933
193 2934
3138 2935
3139 2936
3140 2937
3141 2938
3142 2939
3143 2940
3144 2941
3145 2942
3146 2943
3147 2944
3148 2945
3149 2946
3150 2947
2637 2948
194 2949
3151 2950
3152 2951
3153 2952
3154 2953
3155 2954
3156 2955
3157 2956
3158 2957
3159 2958
3160 2959
3161 2960
3162 2961
3163 2962
3164 2963
3165 2964
3166 2965
3167 2966
3168 2967
3169 2968
3170 2969
3171 2970
3172 2971
3173 2972
3174 2973
3175 2974
3176 2975
3177 2976
2697 2977
195 2978
3178 2979
3179 2980
3180 2981
3181 2982
3182 2983
3183 2984
3184 2985
3185 2986
3186 2987
3187 2988
3188 2989
3189 2990
3190 2991
3191 2992
3192 2993
3193 2994
3194 2995
3195 2996
3196 2997
3197 2998
3198 2999
3199 3000
3200 3001
3201 3002
3202 3003
2699 3004
196 3005
3203 3006
3204 3007
3205 3008
3206 3009
3207 3010
3208 3011
3209 3012
3210 3013
3211 3014
3212 3015
3213 3016
3214 3017
3215 3018
3216 3019
3217 3020
3218 3021
3219 3022
3220 3023
2701 3024
197 3025
3221 3026
3222 3027
3223 3028
3224 3029
3225 3030
3226 3031
3227 3032
3228 3033
3229 3034
3230 3035
3231 3036
3232 3037
3233 3038
2721 3039
198 3040
3234 3041
3235 3042
3236 3043
3237 3044
3238 3045
3239 3046
3240 3047
3241 3048
3242 3049
3243 3050
3244 3051
3245 3052
3246 3053
3247 3054
3248 3055
3249 3056
3250 3057
3251 3058
3252 3059
3253 3060
3254 3061
3255 3062
3256 3063
3257 3064
3258 3065
3259 3066
3260 3067
2722 3068
29 3069
3261 3070
3262 3071
3263 3072
3264 3073
3265 3074
3266 3075
3267 3076
3268 3077
3269 3078
3270 3079
3271 3080
3272 3081
3273 3082
3274 3083
3275 3084
3276 3085
3277 3086
3278 3087
2468 3088
67 3089
3279 3090
3280 3091
3281 3092
3282 3093
3283 3094
3284 3095
3285 3096
3286 3097
3287 3098
3288 3099
3289 3100
3290 3101
3291 3102
3292 3103
3293 3104
3294 3105
3295 3106
3296 3107
100 3108
3297 3109
3298 3110
3299 3111
3300 3112
3301 3113
3302 3114
3303 3115
3304 3116
3305 3117
3306 3118
3307 3119
3308 3120
3309 3121
3310 3122
3311 3123
3312 3124
3313 3125
3314 3126
131 3127
3315 3128
3316 3129
3317 3130
3318 3131
3319 3132
3320 3133
3321 3134
3322 3135
3323 3136
3324 3137
3325 3138
3326 3139
3327 3140
3328 3141
140 3142
3329 3143
3330 3144
3331 3145
3332 3146
3333 3147
3334 3148
3335 3149
3336 3150
3337 3151
3338 3152
3339 3153
3340 3154
3341 3155
3342 3156
3343 3157
163 3158
3344 3159
3345 3160
3346 3161
3347 3162
3348 3163
3349 3164
3350 3165
3351 3166
3352 3167
3353 3168
3354 3169
199 3170
3355 3171
3356 3172
3357 3173
3358 3174
3359 3175
3360 3176
3361 3177
3362 3178
3363 3179
3364 3180
3365 3181
3366 3182
3367 3183
3368 3184
3369 3185
3370 3186
3371 3187
3372 3188
3373 3189
3374 3190
3375 3191
3376 3192
3377 3193
3378 3194
3379 3195
230 3196
3380 3197
3381 3198
3382 3199
3383 3200
3384 3201
3385 3202
246 3203
3387 3204
3388 3205
3389 3206
3390 3207
3391 3208
3392 3209
3393 3210
3394 3211
3395 3212
3396 3213
3397 3214
3398 3215
3399 3216
3400 3217
3401 3218
200 3219
3402 3220
3403 3221
3404 3222
3405 3223
3406 3224
3407 3225
3408 3226
3409 3227
3410 3228
3411 3229
3412 3230
3413 3231
3414 3232
3415 3233
3416 3234
3417 3235
3418 3236
3419 3237
3420 3238
3421 3239
3422 3240
3423 3241
3424 3242
3425 3243
3426 3244
2724 3245
201 3246
3427 3247
3428 3248
3429 3249
3430 3250
3431 3251
3432 3252
3433 3253
3434 3254
3435 3255
3436 3256
3437 3257
3438 3258
3439 3259
3440 3260
3441 3261
3442 3262
3443 3263
3444 3264
2726 3265
141 3266
3445 3267
3446 3268
3447 3269
3448 3270
3449 3271
3450 3272
3451 3273
3452 3274
3453 3275
3454 3276
3455 3277
3456 3278
3457 3279
3458 3280
3459 3281
3460 3282
3461 3283
3462 3284
2470 3285
164 3286
3463 3287
3464 3288
3465 3289
3466 3290
3467 3291
3468 3292
3469 3293
3470 3294
3471 3295
3472 3296
3473 3297
202 3298
3474 3299
3475 3300
3476 3301
3477 3302
3478 3303
3479 3304
3480 3305
3481 3306
3482 3307
3483 3308
3484 3309
3485 3310
3486 3311
3487 3312
3488 3313
3489 3314
3490 3315
3491 3316
231 3317
3492 3318
3493 3319
3494 3320
3495 3321
3496 3322
3497 3323
247 3324
3498 3325
3499 3326
3500 3327
3501 3328
3502 3329
3503 3330
3504 3331
3505 3332
3506 3333
3507 3334
3508 3335
3509 3336
3510 3337
3511 3338
3512 3339
142 3340
3513 3341
3514 3342
3515 3343
3516 3344
3517 3345
3518 3346
3519 3347
3520 3348
3521 3349
3522 3350
3523 3351
3524 3352
3525 3353
3526 3354
3527 3355
2472 3356
165 3357
3528 3358
3529 3359
3530 3360
3531 3361
3532 3362
3533 3363
3534 3364
3535 3365
3536 3366
3537 3367
3538 3368
203 3369
3539 3370
3540 3371
3541 3372
3542 3373
3543 3374
3544 3375
3545 3376
3546 3377
3547 3378
3548 3379
3549 3380
3550 3381
3551 3382
232 3383
3552 3384
3553 3385
3554 3386
3555 3387
3556 3388
3557 3389
143 3390
3558 3391
3559 3392
3560 3393
3561 3394
3562 3395
3563 3396
3564 3397
3565 3398
3566 3399
3567 3400
3568 3401
3569 3402
3570 3403
3571 3404
3572 3405
3573 3406
3574 3407
3575 3408
2474 3409
166 3410
3576 3411
3577 3412
3578 3413
3579 3414
3580 3415
3581 3416
3582 3417
3583 3418
3584 3419
3585 3420
3586 3421
204 3422
3587 3423
3588 3424
3589 3425
3590 3426
3591 3427
3592 3428
3593 3429
3594 3430
3595 3431
3596 3432
3597 3433
3598 3434
3599 3435
3600 3436
3601 3437
3602 3438
3603 3439
3604 3440
3605 3441
3606 3442
3607 3443
3608 3444
3609 3445
3610 3446
3611 3447
3612 3448
3613 3449
233 3450
3614 3451
3615 3452
3616 3453
3617 3454
3618 3455
3619 3456
167 3457
3620 3458
3621 3459
3622 3460
3623 3461
3624 3462
3625 3463
3626 3464
3627 3465
3628 3466
3629 3467
3630 3468
2476 3469
205 3470
3631 3471
3632 3472
3633 3473
3634 3474
3635 3475
3636 3476
3637 3477
3638 3478
3639 3479
3640 3480
3641 3481
3642 3482
3643 3483
3644 3484
3645 3485
3646 3486
3647 3487
3648 3488
3649 3489
3650 3490
3651 3491
3652 3492
3653 3493
3654 3494
3655 3495
234 3496
3656 3497
3657 3498
3658 3499
3659 3500
3660 3501
3661 3502
168 3503
3662 3504
3663 3505
3664 3506
3665 3507
3666 3508
3667 3509
3668 3510
3669 3511
3670 3512
3671 3513
3672 3514
2524 3515
206 3516
3673 3517
3674 3518
3675 3519
3676 3520
3677 3521
3678 3522
3679 3523
3680 3524
3681 3525
3682 3526
3683 3527
3684 3528
3685 3529
3686 3530
3687 3531
3688 3532
3689 3533
3690 3534
235 3535
3691 3536
3692 3537
3693 3538
3694 3539
3695 3540
3696 3541
207 3542
3697 3543
3698 3544
3699 3545
3700 3546
3701 3547
3702 3548
3703 3549
3704 3550
3705 3551
3706 3552
3707 3553
3708 3554
3709 3555
2478 3556
236 3557
3710 3558
3711 3559
3712 3560
3713 3561
3714 3562
3715 3563
208 3564
3716 3565
3717 3566
3718 3567
3719 3568
3720 3569
3721 3570
3722 3571
3723 3572
3724 3573
3725 3574
3726 3575
3727 3576
3728 3577
3729 3578
3730 3579
3731 3580
3732 3581
3733 3582
3734 3583
3735 3584
3736 3585
3737 3586
3738 3587
3739 3588
3740 3589
3741 3590
3742 3591
2596 3592
237 3593
3743 3594
3744 3595
3745 3596
3746 3597
3747 3598
3748 3599
30 3600
3749 3601
3750 3602
3751 3603
3752 3604
3753 3605
3754 3606
3755 3607
3756 3608
3757 3609
3758 3610
3759 3611
3760 3612
3761 3613
3762 3614
3763 3615
3764 3616
3765 3617
3766 3618
3767 3619
3768 3620
3769 3621
3770 3622
3771 3623
3772 3624
3773 3625
3774 3626
35 3627
3776 3628
3777 3629
3778 3630
3779 3631
3780 3632
40 3633
3781 3634
3782 3635
3783 3636
3784 3637
3785 3638
3786 3639
58 3640
3787 3641
3788 3642
3789 3643
3790 3644
3791 3645
3792 3646
62 3647
3793 3648
3794 3649
3795 3650
3796 3651
3797 3652
68 3653
3798 3654
3799 3655
3800 3656
3801 3657
3802 3658
3803 3659
3804 3660
3805 3661
3806 3662
3807 3663
3808 3664
3809 3665
3810 3666
3811 3667
3812 3668
3813 3669
3814 3670
3815 3671
3816 3672
3817 3673
3818 3674
3819 3675
3820 3676
3821 3677
90 3678
3822 3679
3823 3680
3824 3681
3825 3682
3826 3683
3827 3684
3828 3685
95 3686
3829 3687
3830 3688
3831 3689
3832 3690
3833 3691
3834 3692
101 3693
3835 3694
3836 3695
3837 3696
3838 3697
3839 3698
3840 3699
3841 3700
3842 3701
3843 3702
3844 3703
3845 3704
3846 3705
3847 3706
3848 3707
3849 3708
3850 3709
3851 3710
3852 3711
3853 3712
3854 3713
3855 3714
3856 3715
3857 3716
3858 3717
3859 3718
3860 3719
132 3720
3861 3721
3862 3722
3863 3723
3864 3724
3865 3725
3866 3726
3867 3727
3868 3728
3869 3729
3870 3730
3871 3731
3872 3732
3873 3733
3874 3734
136 3735
3875 3736
3876 3737
3877 3738
3878 3739
3879 3740
3880 3741
144 3742
3881 3743
3882 3744
3883 3745
3884 3746
3885 3747
3886 3748
3887 3749
3888 3750
3889 3751
3890 3752
3891 3753
3892 3754
3893 3755
3894 3756
3895 3757
3896 3758
3897 3759
3898 3760
3899 3761
3900 3762
3901 3763
3902 3764
3903 3765
3904 3766
3905 3767
169 3768
3906 3769
3907 3770
3908 3771
3909 3772
3910 3773
3911 3774
3912 3775
3913 3776
3914 3777
3915 3778
3916 3779
174 3780
3917 3781
3918 3782
3919 3783
3920 3784
3921 3785
3922 3786
209 3787
3923 3788
3924 3789
3925 3790
3926 3791
3927 3792
3928 3793
3929 3794
3930 3795
3931 3796
3932 3797
3933 3798
3934 3799
3935 3800
3936 3801
3937 3802
3938 3803
3939 3804
3940 3805
3941 3806
3942 3807
3943 3808
3944 3809
3945 3810
3946 3811
3947 3812
3948 3813
3949 3814
3950 3815
3951 3816
3952 3817
3953 3818
3954 3819
3955 3820
3956 3821
3957 3822
3958 3823
3959 3824
3960 3825
3961 3826
3962 3827
3963 3828
238 3829
3970 3830
3971 3831
3972 3832
3973 3833
3974 3834
3975 3835
241 3836
3976 3837
3977 3838
3978 3839
3979 3840
3980 3841
3981 3842
3982 3843
3983 3844
3984 3845
3985 3846
3986 3847
3987 3848
3988 3849
3989 3850
3990 3851
3991 3852
3992 3853
3993 3854
3994 3855
3995 3856
3996 3857
3997 3858
3998 3859
3999 3860
4000 3861
4001 3862
4002 3863
4003 3864
4004 3865
4005 3866
4006 3867
4007 3868
4008 3869
4009 3870
4010 3871
4011 3872
4012 3873
4013 3874
4014 3875
4015 3876
4016 3877
4017 3878
4018 3879
4019 3880
4020 3881
4021 3882
4022 3883
4023 3884
4024 3885
4025 3886
4026 3887
4027 3888
4028 3889
4029 3890
4030 3891
4031 3892
248 3893
4049 3894
4050 3895
4051 3896
4052 3897
4053 3898
4054 3899
4055 3900
4056 3901
4057 3902
4058 3903
4059 3904
4060 3905
4061 3906
4062 3907
4063 3908
31 3909
32 3910
33 3911
36 3912
37 3913
41 3914
42 3915
59 3916
60 3917
63 3918
64 3919
69 3920
70 3921
91 3922
92 3923
96 3924
97 3925
102 3926
103 3927
133 3928
137 3929
145 3930
146 3931
170 3932
171 3933
175 3934
176 3935
210 3936
211 3937
239 3938
240 3939
242 3940
243 3941
249 3942
250 3943
2162 3944
1952 3945
2193 3946
2129 3947
2063 3948
1867 3949
2096 3950
2004 3951
2016 3952
2208 3953
2569 3954
2534 3955
2489 3956
2570 3957
2613 3958
2571 3959
2614 3960
2615 3961
2251 3962
1991 3963
2188 3964
2181 3965
2196 3966
2007 3967
1997 3968
2525 3969
2501 3970
2732 3971
2733 3972
2734 3973
2024 3974
2438 3975
1985 3976
2597 3977
2480 3978
2481 3979
2211 3980
2216 3981
2370 3982
4048 3983
3969 3984
1988 3985
1901 3986
1933 3987
1925 3988
2199 3989
2021 3990
2205 3991
2202 3992
1994 3993
2702 3994
2377 3995
1930 3996
2487 3997
2458 3998
3775 3999
2496 4000
2500 4001
2469 4002
2593 4003
2459 4004
2475 4005
2465 4006
3964 4007
3965 4008
2728 4009
4032 4010
2686 4011
4033 4012
2523 4013
2730 4014
2688 4015
3966 4016
3967 4017
3968 4018
2689 4019
4035 4020
2473 4021
2497 4022
2498 4023
2488 4024
2499 4025
4036 4026
2467 4027
2477 4028
2692 4029
2695 4030
2698 4031
2700 4032
4037 4033
2729 4034
2731 4035
4038 4036
4042 4037
2471 4038
2609 4039
2479 4040
3386 4041
2565 4042
4044 4043
2567 4044
4045 4045
2566 4046
4046 4047
2612 4048
4047 4049
2533 4050
2610 4051
2611 4052
2461 4053
2568 4054
2463 4055
4034 4056
2725 4057
2727 4058
2723 4059
4039 4060
4040 4061
4041 4062
4043 4063
